30 700 10 100
551466202 -3984234597
2595433474 572236978
-3307453198 -1218623498
-3522729713 2674939765
1968973262 -629574522
940172052 -3160384521
2588741152 -4015688146
-466594805 -1934568652
-2095760008 1307933056
-772472014 -2538215806
2284144056 3015488710
2546860073 265720093
2538035876 1727660073
871216585 -589970314
3380978284 3068411755
-2653566067 -492630281
-1956398764 -2436772009
2791750335 1952252032
-1272753928 980305342
4059031675 1015164586
1335115133 -2220289699
2898738342 2438127950
911872835 -540236724
-432742667 -4157343253
-4490992152 374257730
438385441 2228446808
-2220699901 2014538068
3986659366 -2608485182
-888777936 -2252012242
-1657229328 2041221473
-1777419114 -2152010292
3417004872 858233926
18200595 3825474245
-2536622872 2144652787
3230068472 -2261220961
2753110653 -2751531326
-103622545 2434167958
3353105096 -2117694118
4024185427 3483748165
2011153250 2964315556
-2665454964 4140473403
-2142616939 -547283297
-1318515893 2186253896
1655583449 3410455795
-2284432685 1794614787
-1074139982 -3797673523
-3189907210 3209005490
-4348037587 2146567228
-2671904257 2396318084
4397461056 2868234694
3601168190 951867628
2307357448 -1233160690
3232652489 2989261099
-2101877392 -3517684020
1088067105 -1155110879
2427332136 -174859469
1788701948 1872366037
4013405206 -1724146327
113275279 3777078158
-794834372 3423374131
-119905586 1553557476
-1580162457 -2687454460
2039376845 3159469657
-2490253618 1382895955
-2067246050 2397878776
2614536611 810604257
2209082148 -3156174389
-1521814653 -1828251751
1367434245 1275442259
-4471290552 510441507
-2556995447 3554574865
1655242180 2417244355
-1587746474 3130867403
-125327000 -2489559178
2283795910 1439730893
-2347817617 -2091015322
-3560798890 3387030817
3183054756 1662882029
-491086313 2505374887
-911876534 509757219
850956706 1768669256
-391270449 -4449564439
1372019533 -833956642
1806785498 -2115951764
3470334353 -199619777
1780896242 2290929602
-3118224014 1128626040
-135090710 -3807731189
1253897651 -1772144215
4008815450 622625218
3446939614 35932111
-1854944241 527228338
-1318324170 -294398292
-4059802206 -820229673
-760295636 -3298542249
-937776378 3777380838
-1066669988 3211460517
-4421258094 1905673721
3546550038 -2064712856
-387407727 -1502409285
1165199199 -1627010662
4844868216 1536792277
36934955 1749589005
-370795078 1968693328
-1488639391 -4446789505
-2136588547 -2582299152
3325302976 2142050061
1332693658 3288660256
2310155828 843070863
-3774608948 600553660
-2914411509 938851874
2443228696 -240652499
1463818275 -3548058931
-520583652 -1371727021
1893042012 3129339909
136576879 4813116511
-2673508018 3640063745
1032954581 3543223535
-2224513098 1547295674
-528451438 -3782677267
-2192451307 3905778489
-1932860902 -2443682717
2511064439 650616175
-28760496 -2822221176
-351910459 3080200584
3722851790 -526810373
1730263731 -1519080027
577689553 -2240499427
4883150812 381624426
-675196730 1227523292
-905036993 3725837290
996905620 3047505997
-2857369568 1646513790
518256724 -1779934894
-3614511204 3327355420
1755355177 -1402290633
66252780 -2438755008
4371597100 -952931462
2538353836 -1058902565
-2864215698 -200533360
1761833592 3354910314
-232697298 4115082301
2463939362 -2445246694
371606020 -2154159414
623840505 1477197317
4648001532 2432921854
-3320195964 -1673327476
-2820767474 1113533853
-416169330 1859876465
-3697493747 -692238219
-2446266785 2833661369
1924841694 1331613126
-2701322751 2201616157
-4011352063 251243048
3093570469 2099391188
-1224053679 1034084643
1140456173 3672189994
-2389662237 -808743583
-3049369979 2830089916
-3790302288 859488745
2534953586 -412259405
102745372 3781035889
-3153839367 -1860364781
3071179993 962672789
-4388888873 -362923021
1870497560 -1761569477
2018445196 -1543158760
2899459564 -680885292
2408119615 -229654138
-343451660 -2723023578
-3638500981 -321584228
-1528593174 643791916
3552808856 -962679972
767691892 3721911860
-1105293798 4300073698
-827059574 -2357117450
-545027878 -3616478279
-2335634234 446100767
1461763542 3157305459
-2196981905 2084108435
-3798172314 2323246174
-2246801252 -2352061202
-2507846203 -1857941502
-3061998313 -1379885033
-1629630571 457234693
2252423574 -3131371905
-928526314 3137981032
4383399496 -660212612
-955453669 2664716836
2841042644 -2662330488
-1516418001 -4442209564
3999798032 1888201357
1086670622 -1950063330
2317231209 3266200989
-52580201 -1837013352
908069617 -3817688979
1280552393 -2196453297
-3129454691 744365443
-2544190693 2639578153
-1708107352 2976200417
-1174334720 -4482884745
-183984994 -1875038812
-1418722208 334908752
-1480175303 -60780589
2542122313 -2934941299
-967640013 -2584337275
-1685586698 -3680202771
-2157864618 -3489826454
-311799794 3713033574
-1262172897 -2245498138
-624027885 -1890218165
-1970557463 -585906417
2205551941 -2671383224
-2430306235 4209601780
182538056 -2044817445
756898809 4873663050
-1200632820 3508678159
1595857473 3531566220
-3191862563 683740423
3407275701 -1021765043
-3327663753 2467866585
1848647520 3184344991
-1288272401 3098956860
635667345 3321979319
-1674823627 -1868311839
-2914456716 943305436
1658214907 -3386819741
1948940872 3053710010
498758346 1735043334
3180402262 2403112927
2011151900 -1546552169
-1352337143 -225781577
-169331177 -3615783377
-2017044885 -1803577966
-22068183 3812173468
3537275445 -557808446
-2203618150 2065153770
244715010 -1724839356
-826073868 -3958329572
-3119743162 1115000258
968115278 2493371005
4120655265 863487417
2540456884 1716368570
2548061421 1856926903
-877096919 -2618833194
-1206939419 -2213201005
-432268382 4613667612
629828923 1473529220
-4037280428 -782690677
-1057159825 -700298093
-257767449 2020036670
-1292104261 -1519982489
-552054405 -1926311930
1082704713 -3035932330
1940060349 1214158755
2101531789 -871724753
-4281983043 2324009373
2063498562 -3824284543
1040781601 3007515781
4258556425 3170235096
-4400761117 133442491
3362799633 -1077429782
1647002466 3419577321
-1016801476 363597938
-4254467947 -328178611
-4345628142 2018590292
530234024 -3095080736
3315483366 1611611515
-3845283251 2105912219
-1681318893 2478222811
2188050893 -2593382972
861222957 -2094132371
1957057751 -1152165112
1907190669 1579160614
-1533019207 2290326336
-21616932 1808331520
-612386275 -1896208056
-2895165230 -2947700529
1326818617 3719371435
-482805162 -3650247925
-1663947597 1048281433
-2078713334 1621434964
3022094668 -1481385361
3410290182 -3394186093
-3562500403 3385181435
-4085371169 -2523968537
503568825 4850505450
-2106292636 538872392
-1702992116 -43965860
-1308427322 -282033705
4023157237 -1688844341
-4337442773 -123071199
-116465136 1555042560
-2129480952 -1701703393
1559103089 -1093589773
1425851749 -2651934255
355787556 -3529181774
-2295874220 4315452395
4223819821 -1270884528
-1186860337 -520065496
1617217413 2258998862
-3479580101 2204110025
-1988196061 894116039
-3435331425 265697896
-2699367949 2055499709
1968938995 -629275439
-473938901 4504884242
-2032490431 14518834
-1525841546 2711582615
1597838085 484359565
3495377870 316518734
-397509844 -2577875296
1931505303 2501812787
4910646476 1346026179
-627267498 812089562
-2423683421 -106461321
-3853309954 2087306314
-3248672452 3743912627
-1443287549 1551497722
667759088 -1635262603
-675012820 -1863279982
-1231174010 -3778005998
-600002562 1541435514
1377798007 2252104415
2230217777 1719393278
3683695866 -600909542
-1333610520 -361886488
2294696876 3280210159
2484023101 -159487538
1490906358 2235827716
-3977817313 -16070638
-4428803902 258344202
-1221643623 -25527450
1456482632 -716688929
3590835533 93642652
-3528423900 3484171127
2736137331 -3482865442
-931004783 -2725543562
-3042778562 3204990268
-5014102 1201326175
-1001151251 -1968829494
-519414013 3025875910
-1572477300 -1963245918
-603179799 -1382848631
-57016616 2990282227
1354879616 -2941392461
2144124547 -2715756519
-2666534363 -2138708267
1768432583 -817082243
-3382322940 -1037908457
-1652464768 -166184772
-4399799502 1982841393
2730239170 3424214152
-2466840086 3323640015
-1274577656 582949602
-421915799 -1986067274
2440197004 2209007624
-1690007765 -2504904208
-2353175546 -1087950849
-2452670220 4199213651
3532665163 235475351
-2075709535 2379958381
-3570503249 -1832657554
-773627708 -1396133184
-1030559208 -2253313432
-1366333951 -4464250328
2100333409 -3810598421
-2559623155 4195896794
1858941249 3844008542
1861346592 -3318715979
-1832633875 -1886988923
3506253115 1013728355
3709611825 705296126
3343911378 171157855
2151890655 -3187262900
2350306156 3245085125
-2849196918 -2993536768
-2143866079 4373149028
2677610047 -893836128
-960706198 4182081664
-4473211481 278013865
4742395476 -63289844
1974539281 -1224774661
2618358714 969033371
1689873074 3557473500
520442243 -3444742758
3594403169 1135706853
2348723020 2914302247
-2419875049 -1851988518
-113510691 -2128296319
111291011 3777827276
-3342067380 2445439863
-1072917758 -3246638452
3555283578 3960725807
1987443712 -941372792
3368016157 1397527090
-3248233762 1660326137
136145842 2159458671
-1651490367 436427573
2097165381 2830218151
-1957539682 -1398099952
-908093691 3777443368
-2286460324 2637913387
429935697 -3077897835
2097881785 -1504487074
1886122097 -1706730736
-2234255166 2678671630
-1182331534 -3147282171
-2723805487 3605655640
1263461834 -4421484692
-2800879230 -53230025
2476849172 3157888182
-1110188783 3580663059
-109527025 1558019764
-155489686 -3259438831
-2420657094 -1849004634
-1006821713 -2123677558
-1398133062 -123972738
365975452 4213577147
4041193854 1238924083
-1617513860 -2633556090
-662011695 -2608458002
3126775485 -1343855478
4387771719 -1230662367
1064256988 2985424321
3996391045 3458424674
-716213179 -4484726715
-272874691 3066933653
3106133066 -884238647
2315282016 1092798346
-2112534921 1605168226
2309367811 2208070342
-4435223364 1851507704
-1887234159 2071472111
-1697504919 -647264812
-1247941121 1868427175
-1355977333 1927470764
-696561394 -2493370541
-4302615793 5189037
4094858787 3395884334
4826503654 1652012422
3077837546 -1390013031
1776796649 -2104737598
-120414400 2438195496
1802704412 2719094532
-1519995286 1477028463
294016533 3702207411
-4278537962 -2042448590
1855892201 4099980203
1618926177 -448407541
-1655107070 1158078770
-193659969 3107624427
3209525108 -107659195
3395197105 1153878739
1776364624 2299679617
-624241479 -4477873682
1641854734 1233597888
2799848942 259995918
980363014 3062159732
-3595492948 1944629015
-1847172340 -400640236
-1454821360 1114645170
468170101 4872518493
-2125309822 881885305
1824493248 -3900739338
-31924641 -2466216329
1328566069 -3784461203
807382144 -1684180540
-1361678211 2109712699
-1357071896 -504539803
-2426665710 3626403903
-561810580 -2599108072
-496814234 -1367951552
1219425075 -2951475311
2721049956 -849065830
1414183015 -1693411400
-1972306491 3556069121
1380803264 4889052810
2185930007 2676252439
-2620444668 -505257082
2178181019 4693334345
-1730500134 -630885259
1289784868 1741670989
1208741388 -1447829991
-3130973523 965429538
1883617773 -346552098
149119274 -3900967935
3417161223 928794104
-1538195387 -2745281165
-2019370662 3802726639
3670110649 -3096076616
1476509291 -1043968785
-2903275524 3470774277
-1581812871 -61509569
4358071876 -976429851
-1045925231 882097674
-1517914778 -2521293420
-2775225418 2093173520
-1663329714 -1333684979
1795247483 1853885364
-1004858293 4361439639
2518459428 1967320117
1729776267 1643334849
-2740222464 2133870629
2480072840 -3341401833
-4098112492 -670996810
-1565460830 585614160
2597688174 331862811
819394717 -3118964391
-2689058317 -1675728399
1472782159 3145367350
2975750886 2331190453
2219984298 2245312027
-1796571569 245768372
-625592783 1264598020
3904382723 -174153854
1263296613 2264339496
-2598472761 -592141259
2236920851 3702908098
1555092100 -4380894633
3760558462 -608122649
2908684838 -1793611730
2312173470 -3721398933
1290771190 163109279
-1270827667 -2569187601
2258972889 490004217
-1239845159 -1673362763
-801832634 3972696270
210722853 -2429556411
3781309936 -2312072069
-1387410086 -875974283
-913693463 -1720966399
-1476977684 -1013639710
-897116916 3052697235
1105480343 3888252221
-1608003999 -1972994509
1773262094 3278503140
1052400894 2083334756
3257968377 1752179191
1503047785 -3510917447
-1967933739 1670960348
3423301801 909059009
260330512 2324769882
-1624346542 4097324962
1923756217 1572421935
3397222457 35920993
-2540104021 3564346607
-186917602 -3245041967
-1825319115 541174402
539071524 -3434320144
-2323239778 -1135767439
-1953742698 -1986881128
-2846455406 1706687408
-1201555807 -2410047260
1479653007 3300341454
1952973628 -1430350478
-2067982373 -117308433
-1057327781 1522155116
-1348040633 -1291305595
520214402 -1780177930
4063537850 1621362150
1359848029 3640424127
3589055418 -1959529524
2545731977 -482635329
-4229608421 227449493
-2403943275 2536589120
1980069424 -2789940754
-3785760990 1071122610
2413543833 -2050688824
1869672592 -1466438793
-1784620969 -1202983360
246669449 3274795338
2195604537 -1303585577
-341149981 3028937432
-736456003 -1829254731
3508634398 236313774
4065415483 1611639821
2448651225 -110429312
1454890833 -1071597631
1568991214 -1081843412
-472033504 -3090075723
1737919719 2003938623
-3305999554 -693369204
-571928846 -3601310636
2106111470 -3808403898
1679206155 1370619547
547935400 1742628120
-228512228 3693794434
3089411073 -598674455
-20082687 1808842531
-3160112850 1735151697
1985130950 -1069083769
-3458564449 -3417934532
1909282622 2008351764
3274669151 2241104834
587686907 -872165570
-1065594425 3977318126
4554897864 -697315383
443460703 2723800181
-1036112261 -1967590839
3453785317 -3348870417
3848546967 899746458
3367906254 -2414823779
1770859631 1920824808
1138831690 1945914608
-497330181 3746665937
3624715566 -704184596
-2752423873 -2089568680
4857365578 1441801473
1784361633 3865412729
2350723185 3896497220
-2615757670 -1794787031
1142923347 3913447525
-1651891276 2526063600
1858037079 1789934014
1233615843 -3473027104
-1804072311 3706158541
2624907114 2051906813
241784647 -2125730871
3735433727 -1428129673
880206895 -1800864013
2144406894 3992984830
-1405040536 -227641387
-2954174744 1753167208
2574507902 -1192606178
681801554 3681224042
-215179544 -3727975837
-1558224206 416542587
3751154406 3729507401
-2103906920 -2047025752
3600697317 994549893
3493128793 -2182411502
-976271508 -3864665157
-1215692136 -548974229
-1004107559 3658698077
3815163024 2382057625
761101805 3360366700
556132481 -1784383745
-3110000879 1775539910
3755476500 -1763828574
444249742 -1769695278
2621642802 -3241905271
413763949 -1605385938
3407714748 678177569
1928874822 1303914379
-710765246 -1962664119
2536300276 -420556116
3286469865 35497181
-2849322823 1691388155
1478800385 1710583758
1293558520 -1795215801
4474102478 -859474551
2835429861 3592252706
3947866609 -54883057
900984058 1284468743
-93712707 -1262972110
1153265923 3426651365
-1062393694 863301994
2314889680 -1196388222
35336183 4789055694
3573898593 1328926884
-2852102782 3359367811
750004742 3967272955
-3255474280 3139355013
3298567220 131097253
183161526 3749700507
-1496817350 -466741724
2458918017 -61163715
-2993607415 -1933641716
-1251265305 -1642760980
-247414196 2286695668
2275956213 -2410804501
-4424697136 1712657735
3399919607 -1045992795
2362538173 3890428522
1968172563 -622657532
-2210599098 -1254370755
-1670633582 -429776503
2760160580 -1033936629
-316027319 -4437020161
-1066740621 2541569243
3549830676 1471308608
127414882 4811055249
-1967268628 -526844286
-2705179661 3462579507
1923872076 -1196580357
2494476406 2804665322
1706793817 4812970381
1612974900 458158963
1110912234 1878369605
-2144638942 -1694594800
-836001691 -3952462980
-1700695144 2979154653
2983978273 -2418004708
-1182745888 -595409065
4002451190 277670084
-794644227 -1967464436
-855287069 -964665628
1096696225 -3106751277
3964152597 3554514275
